2 9454 472677 36.536956
2 5101 255028 70.278762
5 2475 123734 157.00827
5 9408 470391 203.18592
2 5055 252738 165.81103
4 2292 114558 43.596519
3 812 40557 34.660633
4 3857 192832 106.22143
2 4511 225535 75.751541
3 4955 247731 204.40525
5 871 43544 36.792114
4 1920 95970 152.35386
2 6145 307217 232.26626
1 9315 465701 52.191501
4 1606 80261 125.13897
1 6553 327614 31.285892
4 7756 387793 147.71365
5 3005 150222 221.60383
4 9109 455407 171.47422
4 2203 110106 70.907165
2 1227 61310 109.85301
1 6021 301007 115.41901
4 8910 445476 24.500261
1 390 19453 211.11395
5 1902 95082 128.23333
2 8238 411854 53.183418
1 8510 425460 55.249618
1 1119 55947 68.197296
1 5253 262632 173.95495
3 8290 414490 90.745224
5 2487 124332 100.79520
3 2781 139027 172.13072
5 4897 244805 173.52697
1 6683 334142 205.44476
1 8485 424202 208.42729
2 1841 92005 144.75970
2 1523 76108 48.832527
4 2283 114107 98.812255
2 7282 364082 54.999244
3 7905 395245 52.195816
2 3353 167629 139.02848
2 9387 469340 101.57969
5 883 44105 165.67765
5 3425 171215 229.62884
1 5719 285947 240.41580
3 8774 438676 171.07312
2 8873 443623 198.60366
2 9219 460903 85.542480
1 3378 168864 122.11441
1 5029 251434 158.47843
4 1815 90714 94.773048
2 3366 168274 51.936649
3 8742 437060 227.49290
3 1292 64566 63.199813
4 1724 86155 164.76615
4 7579 378915 15.365586
3 5488 274357 91.525215
1 684 34200 125.96582
5 6957 347825 133.05792
2 9085 454212 196.17730
1 2759 137919 236.11483
1 4436 221778 50.404663
5 6111 305508 79.058143
4 3751 187527 193.07699
2 3401 170026 162.14503
3 2969 148410 106.03709
2 9684 484162 142.80111
2 9647 482329 217.40078
4 2969 148432 139.06585
3 3863 193109 127.07380
5 98 4899 108.91997
4 3289 164436 53.766639
1 9953 497632 63.471687
5 3433 171627 18.638956
2 3369 168423 71.215530
5 1969 98427 63.561607
3 3534 176687 37.696384
3 4649 232417 17.802190
1 1311 65507 156.16171
2 6115 305709 105.06657
4 1897 94845 93.875740
5 3270 163481 36.037109
4 6829 341412 67.890762
2 4965 248210 91.362861
1 5846 292276 221.87480
5 6942 347076 225.95933
4 8743 437130 34.548828
2 4595 229706 97.401382
5 1761 88009 25.079143
5 8072 403575 75.662139
2 7383 369101 133.10308
5 7200 359979 146.90313
4 1469 73431 105.94609
5 5962 298067 215.99240
1 7883 394139 176.37767
3 5558 277851 81.793151
5 7191 359501 110.34234
3 8410 420471 167.67553
1 8767 438331 204.99438
2 7179 358950 19.238435
3 7709 385434 30.281677
1 1807 90348 88.402099
3 3959 197914 150.88916
1 5897 294803 218.71023
4 9293 464622 190.16223
1 5679 283934 234.85626
4 786 39283 118.94132
5 5842 292090 158.16886
1 2703 135122 116.13707
2 9534 476674 222.53576
1 3678 183897 27.086364
2 8055 402727 201.85087
2 4156 207795 92.051139
1 5982 299075 204.83123
2 8137 406810 70.347442
1 9715 485743 89.098098
2 3752 187581 204.20433
4 8228 411376 39.164222
5 5664 283154 126.70230
5 5277 263840 203.58377
4 7282 364079 25.979513
1 8798 439879 221.42849
1 5325 266222 71.255233
5 3536 176783 126.29731
1 1941 97034 34.644107
5 4408 220353 158.29620
1 1209 60439 141.94238
3 2121 106043 87.958221
2 1981 99018 69.689025
5 6629 331414 235.09021
1 3902 195089 22.676067
5 3917 195811 76.109161
5 5034 251657 109.49640
2 3117 155810 145.33892
4 3262 163078 183.41322
1 9986 499287 104.20833
2 8494 424668 170.00187
2 4266 213268 51.998733
5 6887 344347 44.828857
2 4620 230976 157.52481
3 1675 83708 120.07273
1 6771 338533 225.25433
3 8400 419992 96.420272
3 4644 232172 90.383842
3 3781 189008 73.552772
2 5865 293221 65.766181
4 9598 479880 211.77177
5 285 14225 110.74040
4 5887 294350 37.768077
4 2597 129849 110.47573
5 398 19889 29.680868
5 1181 59007 238.93833
1 1847 92334 90.284912
5 3100 154962 99.300300
